image_width: 1280
image_height: 960
camera_name: narrow_stereo
camera_matrix:
  rows: 3
  cols: 3
  data: [2140.74941,    0.     ,  719.08042,
            0.     , 2109.67663,  -65.76965,
            0.     ,    0.     ,    1.     ]
distortion_model: plumb_bob
distortion_coefficients:
  rows: 1
  cols: 5
  data: [-0.478907, 0.280991, 0.030297, -0.006354, 0.000000]
rectification_matrix:
  rows: 3
  cols: 3
  data: [1., 0., 0.,
         0., 1., 0.,
         0., 0., 1.]
projection_matrix:
  rows: 3
  cols: 4
  data: [2048.70654,    0.     ,  721.36499,    0.     ,
            0.     , 1970.23535,  -61.26371,    0.     ,
            0.     ,    0.     ,    1.     ,    0.     ]
